VISA:
4916561883525228
4556962316531350
4916364609240128323
4024007123226531
4929444585625304
4916329633229405928
4539969516692470
4539407728456756
4532178678589261541
4716577179550714
4716254716933205
4916636427764324455
4485064338340336
4747183330509088
4532764171836780992
4929740291433085
4052570598263516
4024007151252464664

MasterCard:
5520949971570286
5318998059762840
5479987433450813
5301913006099773
5578648488604536
2221009020306593
5359990176363909
5101218253542638
5479113510697255
2720998358905420
5338481429529518
5103429288018506
5416373369591738
2720990002127584
5518375817529563
5369120297993701
2720997322482904
5254934432298794

AMEX:
371927855567389
373645622908623
379594455854070
375407142278013
341114339894161
345603951409486
378575149031432
370661414924754
376690744211453
370312217819441
376155626055303
349122728847130
347582619902363
348375804473657
346235771364358
345829427551086
375153276390659
341039568139824

SSN:
